2 0,20
4 2,83
6 0,82
7 7,59
9 1,26
10 4,09
11 1,38
15 4,20
16 2,83
21 2,36
22 5,13
23 2,69
24 0,75
25 3,25
26 2,23
27 1,27
28 1,13
29 1,42
30 3,54
31 1,40
32 4,84
33 14,64
34 0,74
38 1,03
39 1,26
40 2,84
41 1,12
44 0,01
46 2,29
48 7,89
49 3,17
50 3,76
52 0,63
53 0,96
54 3,93
55 1,17
56 0,37
57 2,55
58 3,30
59 68,80
60 5,61
61 5,57
62 3,93
63 2,99
64 2,79
65 3,74
66 2,33
69 3,53
70 0,67
71 3,00
72 3,20
74 1,20
76 4,04
79 1,19
80 1,73
81 2,55
83 3,26
84 0,39
85 1,59
86 5,68
87 2,45
88 10,67
89 1,99
90 6,33
93 1,89
95 4,32
97 5,98
98 0,09
